0.0  1.147e-83  6.006974716652136e+68  
0.001  1.0340000000000002e-83  6.663442940038683e+68  
0.002  7.416e-84  9.290722761596549e+68  
0.003  3.7540000000000006e-84  1.8353755993606815e+69  
0.004  8.913000000000001e-85  7.73028161112981e+69  
0.0045  1.803e-85  3.82140876317249e+70  
0.0048  1.9750000000000003e-86  3.4886075949367083e+71  
0.0049  3.577e-87  1.9261951355884818e+72  
0.00495  6.416e-88  1.0738778054862843e+73  
0.0049999  1.1590000000000002e-94  5.944779982743744e+79  
0.004999999  1.161e-99  5.934539190353144e+84  
