0.0  1.5878056525881233e+61  
1e-10  1.4779781259237361e+57  
0.001  1.4144271570014143e+59  
0.1  1.75377060680463e+61  
1.0  1.841959845275373e+61  
10.0  1.9535065442469233e+61  
25.0  2.2722108611679163e+62  
50.0  2.3218017181332713e+62  
100.0  2.4295432458697765e+62  
500.0  5.66251415628539e+62  
1000.0  9.1665611146295125e+62  
3000.0  8.0564124234100995e+66  
4000.0  1.097213078779899e+69  
5000.0  1.3379716350013378e+72  
5350.0  1.5879716350013378e+74  
5900.0  1.9372336303758234e+78  
6300.0  4.140767824497258e+88  
