1  5.4928983952e+68  
2  4.7061782572e+68  
3  4.1399046488e+68  
4  3.7092855647999997e+68    
5  3.3691028304000003e+68
6  3.09217480504e+68  
7  2.86165724296e+68  
8  2.6677454740000003e+68  
9  2.5002067457e+68    
10  2.35415774886e+68  
25  1.27596430024e+68
50  7.4029381982e+67  
75  5.1868354055999997e+67   
1e+2  4.0216588046e+67  
1e+5  4.420663218e+64  
1e+10  4.4489166498e+59  
1e+15  4.4345204006000006e+54  
1e+20  4.4129894464e+49  
1e+25  4.4411477488e+44  
1e+30  4.425895335e+39  
1e+35  4.449392296800001e+34  
1e+40  4.4365815375999996e+29  
1e+45  4.415431101e+24  
1e+50  4.443811372e+19  
1e+55  442960538160000.0  
1e+60  4454402445.2    