1  1.2457987675e+69  
2  1.0329530769600001e+69  
3  8.818305121200001e+68  
4  7.7070034704e+68  
5  6.8415161892e+68  
6  6.0750586134e+68  
7  5.516173388399999e+68  
8  5.0582204568e+68  
9  4.6642261918e+68  
10  4.3350150482e+68  
25  2.0752161512e+68  
50  1.1083875201799999e+68  
75  7.5170934782e+67  
1e+2  5.739156702e+67  
1e+5  5.9485682212e+64  
1e+10  5.9205050482e+59  
1e+15  5.9634401174e+54  
1e+20  5.936550206999999e+49  
1e+25  5.9812927348e+44  
1e+30  5.944445947199999e+39  
1e+35  5.9198391424e+34  
1e+40  5.964930478e+29  
1e+45  5.939562638000001e+24  
1e+50  5.9812293152e+19  
1e+55  594942438580000.0  
1e+60  5923644318.4  
