1  1.2560854266200001e+66  
2  1.04141642258e+66  
3  8.7884027798e+65  
4  7.6721544002000005e+65  
5  6.8069842169999995e+65  
6  6.1219891174e+65  
7  5.557300998999999e+65  
8  5.094655017e+65  
9  4.6473248684e+65  
10  4.3135792234e+65  
25  2.0636579290999998e+65  
50  1.1025973107e+65  
75  7.579054427399999e+64  
1e+2  5.7115374662e+64  
1e+5  5.922914993000001e+61  
1e+10  5.963218148800001e+56  
1e+15  5.9383259558e+51  
1e+20  5.9782168842e+46  
1e+25  5.9553224086e+41  
1e+30  5.9218685696e+36  
1e+35  5.967150164e+31  
1e+40  5.9400065752e+26  
1e+45  5.9889665064e+21  
1e+50  5.9590007454e+16  
1e+55  592624452200.0  
1e+60  5967942.909  