1  5.4792948910000005e+65  
2  4.7001216854e+65  
3  4.1444708600000004e+65  
4  3.7119174781999997e+65  
5  3.3704029322e+65  
6  3.0934527099800003e+65  
7  2.86215508682e+65  
8  2.6663978075e+65  
9  2.4985927168799997e+65  
10  2.3523946839799998e+65  
25  1.28421836118e+65  
50  7.3792192678e+64  
75  5.2192428212e+64  
1e+2  4.0075479436000003e+64  
1e+5  4.4504387202e+61  
1e+10  4.4359156318e+56  
1e+15  4.417333689e+51  
1e+20  4.4418453643999997e+46  
1e+25  4.4281784406000004e+41  
1e+30  4.4503435908e+36  
1e+35  4.4376596708e+31  
1e+40  4.4168897518e+26  
1e+45  4.4430820466000003e+21  
1e+50  4.431286001e+16  
1e+55  445414876680.0  
1e+60  4440386.7136  
