2 to 3 Scattering
Graviton Mass (GeV) vs N_DoF, Uncertainty cs

50.0  4.163197335553705e+51  1.03e-57  
100.0  1.1071744906997343e+54  3.05e-60  
250.0  2.1258503401360547e+57  1.99e-63  
500.0  1.69606512890095e+60  2.93e-66  
830.0  4.452359750667854e+61  8.95e-68  
1000.0  3.124023742580444e+61  1.42e-67  
1500.0  1.9334880123743234e+52  2.18e-56  
2000.0  2.3348120476301657e+47  5.07e-51  
2500.0  2.062706270627063e+46  3.91e-50  
3000.0  1.868544600938967e+46  7.08e-50  
4000.0  7.5688793718772306e+46  2.3e-50  
5000.0  4.915426781519186e+47  5.19e-51  
6000.0  3.122073056509522e+48  1e-51  
7000.0  2.267840593141798e+49  1.6e-52  
8000.0  1.8188432157148054e+50  1.56e-53  
9000.0  1.675567423230975e+51  1.55e-54  
10000.0  1.2010569300984868e+53  4e-56  
11000.0  8.460236886632827e+56  8.04e-60  
12000.0  1.0402405898331393e+63  1.3e-70  
12400.0  9.7665457842248413e+63  1.2e-70  
12650.0  1.901576866040534e+64  1.05e-70  
12810.0  2.936435539151068e+64  9.1e-71  
13000.0  3.9464982147761605e+64  8.6e-71  
14000.0  4.516960438699569e+64  6.2e-71  
15000.0  5.2137643378519295e+64  4.42e-71  
