2 to 3 Scattering
Graviton Mass (GeV) vs N_DoF, Uncertainty cs

125.0  2.3207240659085635e+59  
500.0  5.0607287449392715e+59  
750.0  7.251631617113851e+59  
1000.0  9.066183136899365e+59  
1500.0  1.1354604292040422e+60  
2000.0  1.2868356710848024e+60  
2500.0  1.5167602002123465e+60  
3000.0  1.9105846388995032e+60  
4000.0  3.877471888328809e+60  
5000.0  1.034233116144379e+61  
6000.0  3.361344537815126e+61  
7000.0  1.2013455069678039e+62  
8000.0  4.764173415912339e+62  
9000.0  2.57201646090535e+63  
10000.0  1.8964536317087047e+64  
11000.0  6.373486297004462e+64  
12000.0  9.737098344693282e+64  
